{
 "cells": [
  {
   "cell_type": "code",
   "execution_count": 14,
   "metadata": {},
   "outputs": [],
   "source": [
    "import numpy as np\n",
    "import pandas as pd\n",
    "from glob import glob\n",
    "import os\n"
   ]
  },
  {
   "cell_type": "code",
   "execution_count": 15,
   "metadata": {},
   "outputs": [
    {
     "name": "stdout",
     "output_type": "stream",
     "text": [
      "Samples of short term ban parameters, age 18-24 years\n",
      "      0         1         2         3         4\n",
      "0   0.0  0.298091  0.174188  0.275723  0.251998\n",
      "1   0.0  0.288934  0.151501  0.273677  0.285887\n",
      "2   0.0  0.278804  0.141497  0.314948  0.264751\n",
      "3   0.0  0.280882  0.159939  0.307705  0.251474\n",
      "4   0.0  0.259297  0.174280  0.328023  0.238400\n",
      "5   0.0  0.280171  0.180239  0.289890  0.249700\n",
      "6   0.0  0.283433  0.168851  0.283085  0.264631\n",
      "7   0.0  0.273681  0.167734  0.282296  0.276290\n",
      "8   0.0  0.260066  0.178556  0.285474  0.275905\n",
      "9   0.0  0.277287  0.165730  0.307039  0.249943\n",
      "10  0.0  0.289093  0.168097  0.279864  0.262946\n",
      "11  0.0  0.272854  0.171356  0.297992  0.257798\n",
      "12  0.0  0.250425  0.186608  0.284840  0.278127\n",
      "13  0.0  0.269931  0.165363  0.299922  0.264783\n",
      "14  0.0  0.266920  0.197540  0.268910  0.266631\n",
      "15  0.0  0.272816  0.166146  0.309105  0.251933\n",
      "16  0.0  0.267308  0.166115  0.302753  0.263825\n",
      "17  0.0  0.287364  0.160667  0.271273  0.280696\n",
      "18  0.0  0.286152  0.168210  0.284671  0.260967\n",
      "19  0.0  0.262626  0.183364  0.295738  0.258272\n",
      "20  0.0  0.287263  0.159657  0.302737  0.250343\n",
      "21  0.0  0.271908  0.143967  0.305636  0.278488\n",
      "22  0.0  0.265332  0.160124  0.297880  0.276664\n",
      "23  0.0  0.281750  0.178588  0.284571  0.255092\n",
      "24  0.0  0.283670  0.158231  0.297505  0.260593\n",
      "25  0.0  0.280504  0.162662  0.284474  0.272360\n",
      "26  0.0  0.280382  0.165650  0.290697  0.263271\n",
      "27  0.0  0.294588  0.161923  0.298328  0.245161\n",
      "28  0.0  0.279511  0.178192  0.291952  0.250346\n",
      "29  0.0  0.245121  0.187997  0.276603  0.290278\n",
      "30  0.0  0.297775  0.174452  0.280737  0.247035\n",
      "31  0.0  0.266536  0.167184  0.294505  0.271775\n",
      "32  0.0  0.286231  0.156117  0.292980  0.264672\n",
      "33  0.0  0.313339  0.164361  0.274135  0.248165\n",
      "34  0.0  0.258515  0.174860  0.290478  0.276147\n",
      "35  0.0  0.278536  0.168836  0.291355  0.261272\n",
      "36  0.0  0.270653  0.159836  0.313501  0.256010\n",
      "37  0.0  0.268367  0.163318  0.301547  0.266767\n",
      "38  0.0  0.280046  0.161911  0.310209  0.247834\n",
      "39  0.0  0.315443  0.155651  0.264113  0.264793\n",
      "40  0.0  0.292820  0.154252  0.299044  0.253883\n",
      "41  0.0  0.264057  0.159258  0.262293  0.314391\n",
      "42  0.0  0.276320  0.171374  0.280831  0.271475\n",
      "43  0.0  0.278810  0.182469  0.275315  0.263406\n",
      "44  0.0  0.283336  0.153080  0.297560  0.266025\n",
      "45  0.0  0.257054  0.182765  0.299245  0.260937\n",
      "46  0.0  0.254420  0.176264  0.333466  0.235851\n",
      "47  0.0  0.307764  0.141022  0.281196  0.270018\n",
      "48  0.0  0.290691  0.147368  0.331476  0.230465\n",
      "49  0.0  0.270467  0.178464  0.305858  0.245210\n",
      "50  0.0  0.278857  0.166854  0.285008  0.269281\n",
      "51  0.0  0.284474  0.172788  0.296376  0.246361\n",
      "52  0.0  0.272532  0.166357  0.300204  0.260907\n",
      "53  0.0  0.315378  0.168263  0.267349  0.249009\n",
      "54  0.0  0.253377  0.180118  0.292482  0.274024\n",
      "55  0.0  0.272237  0.168217  0.293411  0.266135\n",
      "56  0.0  0.287503  0.165202  0.298336  0.248959\n",
      "57  0.0  0.264739  0.165244  0.293100  0.276917\n",
      "58  0.0  0.280921  0.158863  0.300030  0.260186\n",
      "59  0.0  0.274757  0.177293  0.270445  0.277506\n",
      "60  0.0  0.265361  0.172040  0.301509  0.261089\n",
      "61  0.0  0.262593  0.183131  0.298142  0.256133\n",
      "62  0.0  0.263254  0.204064  0.292184  0.240498\n",
      "63  0.0  0.276476  0.161794  0.292335  0.269394\n",
      "64  0.0  0.268624  0.188774  0.287499  0.255103\n",
      "65  0.0  0.286907  0.169883  0.288871  0.254339\n",
      "66  0.0  0.303015  0.168656  0.292021  0.236308\n",
      "67  0.0  0.301882  0.162036  0.274546  0.261536\n",
      "68  0.0  0.275179  0.152546  0.309023  0.263253\n",
      "69  0.0  0.292471  0.170464  0.288326  0.248739\n",
      "70  0.0  0.272199  0.148120  0.318650  0.261031\n",
      "71  0.0  0.278222  0.164710  0.286717  0.270351\n",
      "72  0.0  0.285236  0.170518  0.287741  0.256505\n",
      "73  0.0  0.278763  0.194845  0.271621  0.254771\n",
      "74  0.0  0.289285  0.159088  0.299413  0.252215\n",
      "75  0.0  0.273249  0.179855  0.265762  0.281134\n",
      "76  0.0  0.294267  0.170264  0.269195  0.266274\n",
      "77  0.0  0.251344  0.206237  0.285116  0.257303\n",
      "78  0.0  0.262441  0.139818  0.308276  0.289464\n",
      "79  0.0  0.275760  0.140597  0.307569  0.276074\n",
      "80  0.0  0.297024  0.171791  0.285193  0.245991\n",
      "81  0.0  0.287832  0.176986  0.281584  0.253598\n",
      "82  0.0  0.263922  0.185445  0.279212  0.271421\n",
      "83  0.0  0.287604  0.174607  0.291162  0.246627\n",
      "84  0.0  0.272969  0.185645  0.273127  0.268259\n",
      "85  0.0  0.267924  0.182526  0.299910  0.249641\n",
      "86  0.0  0.275897  0.181748  0.294283  0.248071\n",
      "87  0.0  0.294935  0.179022  0.270174  0.255869\n",
      "88  0.0  0.296087  0.170144  0.280878  0.252890\n",
      "89  0.0  0.283937  0.155124  0.309120  0.251820\n",
      "90  0.0  0.289180  0.158518  0.298074  0.254229\n",
      "91  0.0  0.296245  0.162334  0.276177  0.265244\n",
      "92  0.0  0.279902  0.184335  0.280226  0.255537\n",
      "93  0.0  0.277551  0.168765  0.294794  0.258891\n",
      "94  0.0  0.279691  0.188376  0.284918  0.247015\n",
      "95  0.0  0.277329  0.175014  0.301380  0.246277\n",
      "96  0.0  0.286907  0.173018  0.291034  0.249040\n",
      "97  0.0  0.268919  0.169330  0.287972  0.273779\n",
      "98  0.0  0.248409  0.188578  0.285903  0.277109\n",
      "99  0.0  0.291247  0.178247  0.278025  0.252481\n"
     ]
    }
   ],
   "source": [
    "files = sorted(glob(\"/Users/nick/Documents/Gillings_work/uncertainty_analysis_data/uncertainty_analysis_2023-03-29_14-16-04-931491/short_term_menthol_ban_parameter_sets/*\"))\n",
    "\n",
    "samples = []\n",
    "for f in files:\n",
    "    samples.append(np.load(f))\n",
    "\n",
    "samples = np.array(samples)\n",
    "print(\"Samples of short term ban parameters, age 18-24 years\")\n",
    "print(pd.DataFrame(samples[:,0,:]).to_string())"
   ]
  },
  {
   "cell_type": "code",
   "execution_count": 18,
   "metadata": {},
   "outputs": [
    {
     "name": "stdout",
     "output_type": "stream",
     "text": [
      "(25, 14)\n",
      "Samples of mortality parameters: RR for currrent smokers vs nonsmokers\n",
      "          0         1         2         3         4         5         6         7         8         9         10        11        12        13\n",
      "0   3.241925  2.894836  3.332160  3.128867  3.606723  3.090501  3.407230  3.055160  2.540628  2.724941  2.604236  2.283704  1.542892  1.764118\n",
      "1   3.770728  2.858958  3.395311  3.060957  3.615151  3.085866  3.334777  3.109643  2.670481  2.713031  2.498286  2.336119  1.488945  1.952269\n",
      "2   3.522067  2.691710  3.544206  3.049936  3.326616  3.197320  3.265173  3.108570  2.519087  2.589813  2.383975  2.363040  1.920030  1.912791\n",
      "3   3.899710  2.828496  3.330504  3.163553  3.546356  3.119942  3.170038  3.049110  2.604383  2.664412  2.509938  2.277879  1.831120  1.869567\n",
      "4   3.819853  3.011356  3.317296  2.774731  3.555051  2.928037  3.312344  3.011289  2.651544  2.634189  2.373047  2.277550  1.713664  1.652185\n",
      "5   4.015062  2.841405  3.512103  3.203792  3.589175  3.001996  3.315125  3.175368  2.729541  2.610007  2.401847  2.133148  1.913713  2.013751\n",
      "6   3.544934  2.925188  3.290486  2.895788  3.560407  3.037925  3.406868  3.049255  2.735737  2.668916  2.510108  2.212185  1.541162  1.761880\n",
      "7   4.039379  2.762258  3.243313  3.085748  3.556302  3.110206  3.252284  3.133720  2.564914  2.851674  2.203672  2.399194  1.514499  1.855688\n",
      "8   3.562484  2.882712  3.418788  2.816805  3.566729  3.168563  3.315578  3.041760  2.462094  2.602924  2.521786  2.216272  1.918421  2.086592\n",
      "9   3.281742  2.598985  3.294362  3.086820  3.620428  3.159827  3.410534  3.077846  2.605882  2.684501  2.632545  2.430970  1.842891  2.054213\n",
      "10  3.336147  2.783400  3.415198  3.022215  3.394774  3.142517  3.259104  3.125617  2.462486  2.803879  2.316858  2.449575  1.827466  1.915215\n",
      "11  3.644584  2.889884  3.330230  3.163305  3.437591  3.010319  3.326255  3.199631  2.627235  2.678653  2.434142  2.339099  2.011575  1.646018\n",
      "12  3.580682  2.612028  3.463244  2.968900  3.516826  2.964530  3.368913  3.122393  2.556679  2.649373  2.433377  2.110570  1.761346  2.037008\n",
      "13  3.726432  2.706265  3.321540  3.043399  3.405405  3.232358  3.262286  3.182559  2.547800  2.604454  2.358963  2.335588  1.963268  1.918448\n",
      "14  3.333814  2.637024  3.376770  2.921770  3.612431  3.090101  3.154712  3.090334  2.552929  2.630712  2.328315  2.337464  1.795825  1.710375\n",
      "15  3.380419  2.718763  3.290590  3.073941  3.559232  3.056082  3.327779  3.096546  2.599472  2.569068  2.467805  2.284768  1.734314  1.757564\n",
      "16  4.256759  2.784464  3.248781  2.949782  3.630400  3.077053  3.350669  3.231775  2.725141  2.579009  2.384437  2.339641  1.931139  1.823105\n",
      "17  3.168708  2.593840  3.339552  2.965784  3.641521  3.098859  3.274739  3.148886  2.622988  2.718069  2.327100  2.471577  2.124333  1.657233\n",
      "18  3.502994  2.536257  3.363952  2.941154  3.499243  3.221848  3.318119  3.132100  2.679525  2.589181  2.240395  2.370043  1.701378  1.929606\n",
      "19  3.584887  2.567176  3.394878  3.074714  3.579615  3.218015  3.279548  3.051560  2.581615  2.613148  2.337261  2.384812  1.794616  1.934592\n",
      "20  3.433736  2.498555  3.406432  2.877991  3.387130  3.006505  3.227096  3.090502  2.552434  2.654962  2.538827  2.400778  2.089135  1.730355\n",
      "21  3.537162  2.578026  3.445159  2.812705  3.476061  3.092949  3.335031  3.185785  2.577897  2.675775  2.514271  2.318341  1.729696  1.914681\n",
      "22  4.102861  2.810176  3.265964  3.138550  3.313841  3.060702  3.396140  3.122448  2.684333  2.617348  2.359592  2.181848  2.207877  1.824986\n",
      "23  3.794442  2.667649  3.264325  3.048155  3.546041  2.963953  3.374835  3.033725  2.522450  2.756736  2.394776  2.301060  1.694801  1.924022\n",
      "24  3.395380  2.786593  3.127039  3.029149  3.526265  3.196177  3.237926  3.091825  2.592405  2.733394  2.581278  2.353966  1.709349  1.652281\n"
     ]
    }
   ],
   "source": [
    "\n",
    "\n",
    "files = sorted(glob(\"/Users/nick/Documents/Gillings_work/uncertainty_analysis_data/uncertainty_analysis_2023-03-29_14-16-04-931491/mortality_parameter_sets/*csvns*\"))\n",
    "\n",
    "samples = []\n",
    "for f in files:\n",
    "    samples.append(np.load(f).reshape(-1))\n",
    "    # samples.append(np.load(f)[:,0])\n",
    "\n",
    "samples = np.array(samples)\n",
    "print(samples.shape)\n",
    "print(\"Samples of mortality parameters: RR for currrent smokers vs nonsmokers\")\n",
    "print(pd.DataFrame(samples).to_string())"
   ]
  },
  {
   "cell_type": "code",
   "execution_count": null,
   "metadata": {},
   "outputs": [],
   "source": []
  }
 ],
 "metadata": {
  "kernelspec": {
   "display_name": "Python 3.9.7 ('base')",
   "language": "python",
   "name": "python3"
  },
  "language_info": {
   "codemirror_mode": {
    "name": "ipython",
    "version": 3
   },
   "file_extension": ".py",
   "mimetype": "text/x-python",
   "name": "python",
   "nbconvert_exporter": "python",
   "pygments_lexer": "ipython3",
   "version": "3.9.7"
  },
  "orig_nbformat": 4,
  "vscode": {
   "interpreter": {
    "hash": "31397c74860b674650f1d6f64fcb6362844462a9bb9a5172815b4794d002e51b"
   }
  }
 },
 "nbformat": 4,
 "nbformat_minor": 2
}
